bin,#recs,#g,#b,%g,%b,tot,cg,cb,%cg,FDR,KS,FPR
0.0,0.0,0.0,0.0,0.0,0.0,0.0,0.0,0.0,0.0,0.0,0.0,0.0
1.0,612.0,208.0,404.0,33.98692810457516,66.01307189542484,612.0,208.0,404.0,0.34350073489339916,64.74358974358974,64.40008900869634,0.5148514851485149
2.0,612.0,565.0,47.0,92.3202614379085,7.679738562091501,1224.0,773.0,451.0,1.2765676349644113,72.27564102564102,70.99907339067661,1.7139689578713968
3.0,611.0,585.0,26.0,95.74468085106383,4.255319148936167,1835.0,1358.0,477.0,2.2426634518520965,76.4423076923077,74.1996442404556,2.846960167714885
4.0,612.0,601.0,11.0,98.20261437908496,1.797385620915037,2447.0,1959.0,488.0,3.23518240219312,78.2051282051282,74.96994580293509,4.014344262295082
5.0,612.0,601.0,11.0,98.20261437908496,1.797385620915037,3059.0,2560.0,499.0,4.227701352534144,79.96794871794872,75.74024736541458,5.130260521042084
6.0,612.0,604.0,8.0,98.69281045751634,1.3071895424836555,3671.0,3164.0,507.0,5.225174640397668,81.25,76.02482535960233,6.240631163708087
7.0,611.0,602.0,9.0,98.52700490998363,1.4729950900163686,4282.0,3766.0,516.0,6.219345036579526,82.6923076923077,76.47296265572817,7.2984496124031
8.0,612.0,602.0,10.0,98.36601307189542,1.6339869281045765,4894.0,4368.0,526.0,7.213515432761382,84.2948717948718,77.08135636211041,8.304182509505704
9.0,612.0,608.0,4.0,99.34640522875817,0.6535947712418277,5506.0,4976.0,530.0,8.217594503988241,84.93589743589743,76.7183029319092,9.388679245283019
10.0,612.0,606.0,6.0,99.01960784313725,0.9803921568627487,6118.0,5582.0,536.0,9.218370683533433,85.8974358974359,76.67906521390246,10.414179104477611
11.0,611.0,606.0,5.0,99.18166939443535,0.818330605564654,6729.0,6188.0,541.0,10.219146863078626,86.69871794871794,76.47957108563932,11.43807763401109
12.0,612.0,606.0,6.0,99.01960784313725,0.9803921568627487,7341.0,6794.0,547.0,11.219923042623817,87.66025641025641,76.44033336763259,12.420475319926874
13.0,612.0,610.0,2.0,99.67320261437908,0.326797385620921,7953.0,7404.0,549.0,12.227305005532344,87.98076923076923,75.75346422523688,13.486338797814208
14.0,612.0,606.0,6.0,99.01960784313725,0.9803921568627487,8565.0,8010.0,555.0,13.228081185077535,88.9423076923077,75.71422650723017,14.432432432432432
15.0,612.0,610.0,2.0,99.67320261437908,0.326797385620921,9177.0,8620.0,557.0,14.235463147986062,89.26282051282051,75.02735736483444,15.47576301615799
16.0,611.0,607.0,4.0,99.34533551554829,0.6546644844517147,9788.0,9227.0,561.0,15.237890773372087,89.90384615384616,74.66595538047407,16.447415329768273
17.0,612.0,608.0,4.0,99.34640522875817,0.6535947712418277,10400.0,9835.0,565.0,16.241969844598945,90.5448717948718,74.30290195027285,17.4070796460177
18.0,612.0,612.0,0.0,100.0,0.0,11012.0,10447.0,565.0,17.25265469918914,90.5448717948718,73.29221709568266,18.490265486725665
19.0,612.0,611.0,1.0,99.83660130718954,0.1633986928104605,11624.0,11058.0,566.0,18.2616881079385,90.7051282051282,72.44344009718971,19.537102473498233
20.0,611.0,609.0,2.0,99.67266775777414,0.32733224222586443,12235.0,11667.0,568.0,19.267418625006194,91.02564102564102,71.75822240063482,20.54049295774648
21.0,612.0,610.0,2.0,99.67320261437908,0.326797385620921,12847.0,12277.0,570.0,20.27480058791472,91.34615384615384,71.07135325823913,21.53859649122807
22.0,612.0,610.0,2.0,99.67320261437908,0.326797385620921,13459.0,12887.0,572.0,21.282182550823247,91.66666666666667,70.38448411584342,22.52972027972028
23.0,612.0,609.0,3.0,99.50980392156863,0.49019607843136725,14071.0,13496.0,575.0,22.287913067890937,92.1474358974359,69.85952282954496,23.471304347826088
24.0,611.0,608.0,3.0,99.50900163666121,0.49099836333878955,14682.0,14104.0,578.0,23.2919921391178,92.62820512820512,69.33621298908733,24.401384083044984
25.0,612.0,610.0,2.0,99.67320261437908,0.326797385620921,15294.0,14714.0,580.0,24.299374102026324,92.94871794871794,68.64934384669162,25.368965517241378
26.0,612.0,611.0,1.0,99.83660130718954,0.1633986928104605,15906.0,15325.0,581.0,25.308407510775684,93.10897435897436,67.80056684819868,26.376936316695353
27.0,612.0,612.0,0.0,100.0,0.0,16518.0,15937.0,581.0,26.31909236536588,93.10897435897436,66.78988199360849,27.4302925989673
28.0,612.0,611.0,1.0,99.83660130718954,0.1633986928104605,17130.0,16548.0,582.0,27.32812577411524,93.26923076923077,65.94110499511554,28.432989690721648
29.0,611.0,608.0,3.0,99.50900163666121,0.49099836333878955,17741.0,17156.0,585.0,28.332204845342098,93.75,65.41779515465791,29.326495726495725
30.0,612.0,607.0,5.0,99.18300653594771,0.8169934640522882,18353.0,17763.0,590.0,29.334632470728124,94.55128205128206,65.21664958055393,30.10677966101695
31.0,612.0,610.0,2.0,99.67320261437908,0.326797385620921,18965.0,18373.0,592.0,30.34201443363665,94.87179487179488,64.52978043815823,31.035472972972972
32.0,612.0,611.0,1.0,99.83660130718954,0.1633986928104605,19577.0,18984.0,593.0,31.35104784238601,95.03205128205128,63.681003439665275,32.01349072512647
33.0,611.0,611.0,0.0,100.0,0.0,20188.0,19595.0,593.0,32.36008125113537,95.03205128205128,62.671970030915915,33.043844856661046
34.0,612.0,612.0,0.0,100.0,0.0,20800.0,20207.0,593.0,33.370766105725565,95.03205128205128,61.66128517632572,34.07588532883643
35.0,612.0,608.0,4.0,99.34640522875817,0.6535947712418277,21412.0,20815.0,597.0,34.37484517695242,95.67307692307692,61.2982317461245,34.86599664991625
36.0,612.0,609.0,3.0,99.50980392156863,0.49019607843136725,22024.0,21424.0,600.0,35.380575694020116,96.15384615384616,60.773270459826044,35.70666666666666
37.0,611.0,610.0,1.0,99.83633387888707,0.1636661211129251,22635.0,22034.0,601.0,36.38795765692864,96.31410256410257,59.92614490717393,36.66222961730449
38.0,612.0,611.0,1.0,99.83660130718954,0.1633986928104605,23247.0,22645.0,602.0,37.396991065678,96.47435897435898,59.077367908680976,37.616279069767444
39.0,612.0,611.0,1.0,99.83660130718954,0.1633986928104605,23859.0,23256.0,603.0,38.40602447442736,96.63461538461539,58.228590910188025,38.56716417910448
40.0,612.0,609.0,3.0,99.50980392156863,0.49019607843136725,24471.0,23865.0,606.0,39.41175499149505,97.11538461538461,57.70362962388956,39.381188118811885
41.0,612.0,612.0,0.0,100.0,0.0,25083.0,24477.0,606.0,40.42243984608525,97.11538461538461,56.692944769299366,40.39108910891089
42.0,611.0,609.0,2.0,99.67266775777414,0.32733224222586443,25694.0,25086.0,608.0,41.428170363152944,97.43589743589743,56.00772707274449,41.25986842105263
43.0,612.0,612.0,0.0,100.0,0.0,26306.0,25698.0,608.0,42.43885521774313,97.43589743589743,54.9970422181543,42.266447368421055
44.0,612.0,611.0,1.0,99.83660130718954,0.1633986928104605,26918.0,26309.0,609.0,43.44788862649249,97.59615384615384,54.14826521966135,43.20032840722496
45.0,612.0,611.0,1.0,99.83660130718954,0.1633986928104605,27530.0,26920.0,610.0,44.45692203524185,97.75641025641026,53.29948822116841,44.131147540983605
46.0,611.0,610.0,1.0,99.83633387888707,0.1636661211129251,28141.0,27530.0,611.0,45.46430399815038,97.91666666666667,52.452362668516294,45.05728314238952
47.0,612.0,612.0,0.0,100.0,0.0,28753.0,28142.0,611.0,46.47498885274057,97.91666666666667,51.4416778139261,46.05891980360065
48.0,612.0,611.0,1.0,99.83660130718954,0.1633986928104605,29365.0,28753.0,612.0,47.48402226148993,98.07692307692308,50.59290081543315,46.98202614379085
49.0,612.0,611.0,1.0,99.83660130718954,0.1633986928104605,29977.0,29364.0,613.0,48.49305567023929,98.23717948717949,49.744123816940196,47.9021207177814
50.0,611.0,611.0,0.0,100.0,0.0,30588.0,29975.0,613.0,49.502089078988654,98.23717948717949,48.735090408190835,48.898858075040785
51.0,612.0,612.0,0.0,100.0,0.0,31200.0,30587.0,613.0,50.51277393357885,98.23717948717949,47.72440555360064,49.89722675367047
52.0,612.0,610.0,2.0,99.67320261437908,0.326797385620921,31812.0,31197.0,615.0,51.520155896487374,98.5576923076923,47.03753641120493,50.72682926829268
53.0,612.0,612.0,0.0,100.0,0.0,32424.0,31809.0,615.0,52.53084075107757,98.5576923076923,46.02685155661474,51.72195121951219
54.0,612.0,612.0,0.0,100.0,0.0,33036.0,32421.0,615.0,53.541525605667765,98.5576923076923,45.01616670202454,52.71707317073171
55.0,611.0,611.0,0.0,100.0,0.0,33647.0,33032.0,615.0,54.550559014417125,98.5576923076923,44.00713329327518,53.71056910569106
56.0,612.0,610.0,2.0,99.67320261437908,0.326797385620921,34259.0,33642.0,617.0,55.55794097732565,98.87820512820512,43.320264150879474,54.525121555915725
57.0,612.0,612.0,0.0,100.0,0.0,34871.0,34254.0,617.0,56.568625831915845,98.87820512820512,42.30957929628928,55.51701782820097
58.0,612.0,612.0,0.0,100.0,0.0,35483.0,34866.0,617.0,57.579310686506034,98.87820512820512,41.29889444169909,56.50891410048622
59.0,611.0,610.0,1.0,99.83633387888707,0.1636661211129251,36094.0,35476.0,618.0,58.586692649414566,99.03846153846153,40.45176888904697,57.40453074433657
60.0,612.0,611.0,1.0,99.83660130718954,0.1633986928104605,36706.0,36087.0,619.0,59.59572605816392,99.19871794871794,39.60299189055402,58.298869143780294
61.0,612.0,612.0,0.0,100.0,0.0,37318.0,36699.0,619.0,60.606410912754114,99.19871794871794,38.59230703596383,59.2875605815832
62.0,612.0,612.0,0.0,100.0,0.0,37930.0,37311.0,619.0,61.61709576734431,99.19871794871794,37.58162218137363,60.276252019386106
63.0,612.0,612.0,0.0,100.0,0.0,38542.0,37923.0,619.0,62.627780621934505,99.19871794871794,36.57093732678344,61.26494345718901
64.0,611.0,609.0,2.0,99.67266775777414,0.32733224222586443,39153.0,38532.0,621.0,63.633511139002195,99.51923076923077,35.88571963022858,62.04830917874396
65.0,612.0,612.0,0.0,100.0,0.0,39765.0,39144.0,621.0,64.64419599359239,99.51923076923077,34.87503477563838,63.033816425120776
66.0,612.0,612.0,0.0,100.0,0.0,40377.0,39756.0,621.0,65.65488084818259,99.51923076923077,33.86434992104819,64.01932367149759
67.0,612.0,612.0,0.0,100.0,0.0,40989.0,40368.0,621.0,66.66556570277278,99.51923076923077,32.85366506645799,65.0048309178744
68.0,611.0,611.0,0.0,100.0,0.0,41600.0,40979.0,621.0,67.67459911152214,99.51923076923077,31.844631657708632,65.98872785829307
69.0,612.0,612.0,0.0,100.0,0.0,42212.0,41591.0,621.0,68.68528396611234,99.51923076923077,30.833946803118437,66.97423510466989
70.0,612.0,612.0,0.0,100.0,0.0,42824.0,42203.0,621.0,69.69596882070252,99.51923076923077,29.823261948528256,67.9597423510467
71.0,612.0,612.0,0.0,100.0,0.0,43436.0,42815.0,621.0,70.70665367529271,99.51923076923077,28.81257709393806,68.94524959742351
72.0,611.0,610.0,1.0,99.83633387888707,0.1636661211129251,44047.0,43425.0,622.0,71.71403563820124,99.67948717948718,27.965451541285944,69.81511254019293
73.0,612.0,611.0,1.0,99.83660130718954,0.1633986928104605,44659.0,44036.0,623.0,72.7230690469506,99.83974358974359,27.116674542792992,70.68378812199037
74.0,612.0,612.0,0.0,100.0,0.0,45271.0,44648.0,623.0,73.7337539015408,99.83974358974359,26.105989688202797,71.6661316211878
75.0,612.0,612.0,0.0,100.0,0.0,45883.0,45260.0,623.0,74.74443875613099,99.83974358974359,25.0953048336126,72.64847512038523
76.0,612.0,612.0,0.0,100.0,0.0,46495.0,45872.0,623.0,75.75512361072118,99.83974358974359,24.084619979022406,73.63081861958267
77.0,611.0,610.0,1.0,99.83633387888707,0.1636661211129251,47106.0,46482.0,624.0,76.76250557362971,100.0,23.23749442637029,74.49038461538461
78.0,612.0,612.0,0.0,100.0,0.0,47718.0,47094.0,624.0,77.7731904282199,100.0,22.226809571780095,75.47115384615384
79.0,612.0,612.0,0.0,100.0,0.0,48330.0,47706.0,624.0,78.7838752828101,100.0,21.2161247171899,76.45192307692308
80.0,612.0,612.0,0.0,100.0,0.0,48942.0,48318.0,624.0,79.7945601374003,100.0,20.205439862599704,77.4326923076923
81.0,611.0,611.0,0.0,100.0,0.0,49553.0,48929.0,624.0,80.80359354614966,100.0,19.196406453850344,78.41185897435898
82.0,612.0,612.0,0.0,100.0,0.0,50165.0,49541.0,624.0,81.81427840073985,100.0,18.185721599260148,79.3926282051282
83.0,612.0,612.0,0.0,100.0,0.0,50777.0,50153.0,624.0,82.82496325533005,100.0,17.175036744669953,80.37339743589743
84.0,612.0,612.0,0.0,100.0,0.0,51389.0,50765.0,624.0,83.83564810992023,100.0,16.16435189007977,81.35416666666667
85.0,611.0,611.0,0.0,100.0,0.0,52000.0,51376.0,624.0,84.84468151866959,100.0,15.155318481330411,82.33333333333333
86.0,612.0,612.0,0.0,100.0,0.0,52612.0,51988.0,624.0,85.85536637325978,100.0,14.144633626740216,83.31410256410257
87.0,612.0,612.0,0.0,100.0,0.0,53224.0,52600.0,624.0,86.86605122784998,100.0,13.13394877215002,84.2948717948718
88.0,612.0,612.0,0.0,100.0,0.0,53836.0,53212.0,624.0,87.87673608244017,100.0,12.123263917559825,85.27564102564102
89.0,612.0,612.0,0.0,100.0,0.0,54448.0,53824.0,624.0,88.88742093703037,100.0,11.11257906296963,86.25641025641026
90.0,611.0,611.0,0.0,100.0,0.0,55059.0,54435.0,624.0,89.89645434577973,100.0,10.10354565422027,87.23557692307692
91.0,612.0,612.0,0.0,100.0,0.0,55671.0,55047.0,624.0,90.90713920036993,100.0,9.092860799630074,88.21634615384616
92.0,612.0,612.0,0.0,100.0,0.0,56283.0,55659.0,624.0,91.91782405496012,100.0,8.082175945039879,89.19711538461539
93.0,612.0,612.0,0.0,100.0,0.0,56895.0,56271.0,624.0,92.92850890955032,100.0,7.071491090449683,90.17788461538461
94.0,611.0,611.0,0.0,100.0,0.0,57506.0,56882.0,624.0,93.93754231829968,100.0,6.062457681700323,91.15705128205128
95.0,612.0,612.0,0.0,100.0,0.0,58118.0,57494.0,624.0,94.94822717288986,100.0,5.051772827110142,92.13782051282051
96.0,612.0,612.0,0.0,100.0,0.0,58730.0,58106.0,624.0,95.95891202748005,100.0,4.0410879725199464,93.11858974358974
97.0,612.0,612.0,0.0,100.0,0.0,59342.0,58718.0,624.0,96.96959688207025,100.0,3.030403117929751,94.09935897435898
98.0,611.0,611.0,0.0,100.0,0.0,59953.0,59329.0,624.0,97.97863029081961,100.0,2.021369709180391,95.07852564102564
99.0,612.0,612.0,0.0,100.0,0.0,60565.0,59941.0,624.0,98.9893151454098,100.0,1.0106848545901954,96.05929487179488
100.0,612.0,612.0,0.0,100.0,0.0,61177.0,60553.0,624.0,100.0,100.0,0.0,97.0400641025641
